#  Matrix made by PALITA Y MIGUE
#  * column uses minimum score
#  BLOSUM Clustered Scoring Matrix in 1/2 Bit Units
#  Blocks Database = /data/blocks_5.0/blocks.dat
#  Cluster Percentage: >= 60
#  Entropy =  -2.6603, Expected =  -0.4917
   c  d  e  g  i  l  m  n  s  t  u  v  y  * 
c  5 -2 -2 -2 -2 -2 -2 -2 -2 -2 -2 -2 -2 -1
d -2  5 -2 -2 -2 -2 -2 -2 -2 -2 -2 -2 -2 -1
e -2 -2  5 -2 -2 -2 -2 -2 -2 -2 -2 -2 -2 -1
g -2 -2 -2  5 -2 -2 -2 -2 -2 -2 -2 -2 -2 -1
i -2 -2 -2 -2  5 -2 -2 -2 -2 -2 -2 -2 -2 -1
l -2 -2 -2 -2 -2  5 -2 -2 -2 -2 -2 -2 -2 -1
m -2 -2 -2 -2 -2 -2  5 -2 -2 -2 -2 -2 -2 -1
n -2 -2 -2 -2 -2 -2 -2  5 -2 -2 -2 -2 -2 -1
s -2 -2 -2 -2 -2 -2 -2 -2  5 -2 -2 -2 -2 -1
t -2 -2 -2 -2 -2 -2 -2 -2 -2  5 -2 -2 -2 -1
u -2 -2 -2 -2 -2 -2 -2 -2 -2 -2  5 -2 -2 -1
v -2 -2 -2 -2 -2 -2 -2 -2 -2 -2 -2  5 -2 -1
y -2 -2 -2 -2 -2 -2 -2 -2 -2 -2 -2 -2  5 -1
* -1 -1 -1 -1 -1 -1 -1 -1 -1 -1 -1 -1 -1 -1